079644187
069655742
079340902
052463998
067669964
021481686
095152217
088292759
056207781
070541590
024614672
010345986
076825744
006357571
087604307
052983258
055293383
081413348
061012958
056688764
028153367
079694060
011357138
027671852
007159174
074058041
093836001
069234797
044389608
073546220
027996013
024033795
095718314
059853267
029014145
015904631
081334954
024166363
004197390
037542735
094707953
028812062
000405073
071533697
035169633
088009380
077033307
090463016
069422728
090562617
047151781
050092447
022773030
011025271
077764299
029932204
085083312
024116653
099167001
029472921
050179225
079679366
006023068
098413892
039532634
035037214
014318523
073383940
059203577
018515913
063443027
053911530
099844328
063848100
077961579
035013961
051857481
007511239
077993330
073796561
098073856
077661463
076405361
073363238
088686734
006686012
003295442
026286399
083319017
002462443
055759320
033498243
034658162
014298740
031912135
074190796
049335954
046230658
000091088
008539531
017262923
063534115
014967413
017107251
079898567
045445345
004637565
084272400
005472936
035147247
058068962
056063144
012808710
086990675
029426383
001495444
093676687
032721825
027781843
076995705
087700621
036057515
063010300
022358783
050356256
094922435
049065931
052208562
093669445
049157019
013264446
063448720
065207486
080748211
080555972
045106053
078709908
037709889
029378454
084182844
072857136
039963768
040245989
085665846
026954443
022188724
039677642
073147482
054910549
019975838
002659539
042611170
008549705
065669839
017486305
011422313
013108626
066552236
063630876
059294423
068225607
029411674
022743144
033433093
010159885
055815468
078539147
088869794
093525357
060433953
025568990
066382493
000397721
018331331
004564691
027352164
040520055
044242333
053015998
095430605
016734523
055675538
090558127
025284229
021345377
060560785
089222894
086970356
027113021
005370122
046264779
047854981
034781796
069007923
081288074
044941682
024823391
012343573
086327828
070865100
072777526
011896818
037247593
073175247
030228150
041812284
053043763
023264557
038570970
006059762
018695162
007821845
061735300
061769642
085622426
035597029
022330427
074845321
022567385
001959800
080215443
021348517
049814781
067513592
090356440
083619208
012455274
067696184
095962781
051299454
038561284
021256660
015712624
028325230
094431907
098457126
022653866
099992023
021721684
013741188
058568137
092933198
021563034
072819789
007219192
007185460
008416818
082065971
034547133
083500556
084025772
067278929
004849073
086356905
034792521
047721865
022492465
099764147
067934401
018455247
051063601
059012038
092228259
019292577
087337268
039176518
017749704
009991134
039168541
039471388
076248675
097736678
084920938
097811709
070556467
092140131
057513521
031489638
074206102
044577007
014990194
010748226
011855936
072355619
049621484
099164809
072593836
072113949
098928956
040528238
043085548
002508909
099540276
035313807
021801486
039393896
027006678
092067542
001901382
066175219
084055282
078150057
016428250
068976221
028478118
039501069
013632704
085991640
070990707
040355158
083084999
038497253
051103385
094940935
063369224
053241221
046622096
035963061
077871522
045551052
029007651
020957071
000576313
081064279
008787230
074894151
020458175
035793908
066961694
022359557
054485480
003533328
053025967
070913730
025025901
081504085
010414799
038658605
020012077
033921859
079013764
003097076
072419112
082633501
050554363
088304689
035874722
049692811
024267750
066262596
095243863
005791753
039736019
048336528
086856032
048523250
023230680
007314207
036833510
042708726
082190116
043835342
046242054
035216083
067265424
071267956
069236521
030196576
009926561
089248598
064118435
041456677
044862027
089053899
076606530
047932742
029874940
064997604
097625554
054142690
031260201
045385769
059934443
070996220
093722298
046790475
072035822
016952978
006621034
061385685
059661704
088811151
005221027
058420110
076543586
025002804
029688066
045780107
055199380
092130980
087545058
071834167
086104009
084923437
013404418
062710540
032856179
043279359
027708144
082998085
097422049
058968345
028383855
009872845
082480918
074622505
009179672
054516740
044091835
015800707
015902425
056269891
057128210
073639805
014690001
033671796
098642609
096894420
079451904
053841989
089025400
019513314
025676156
075129409
004436751
091596926
090356301
089809282
034876285
018064446
072807368
084814687
029549143
053707575
094687532
012030061
028330080
056383556
019063154
072421915
024700615
034965579
081208158
081828825
008605384
095898159
068016974
059764345
092792579
099985230
013606334
034334331
019498544
091798842
061980093
023935295
083395769
052336394
013744577
070788406
022917192
039068297
055603093
004982688
092775872
002806977
069529101
073622304
059190534
088592255
098560571
083891149
023557835
079768729
018236327
084679571
075666889
086253301
044443917
020975820
086238531
010566603
055310152
058253427
054881798
069806597
082188722
038277567
022142991
048449651
009065973
097576536
040034301
017185419
002559224
032810173
019992396
024604677
006432478
031699282
013196933
004993049
068106784
089271120
084761779
086343111
073950691
012945020
025112764
070910960
086437192
063867647
081477564
041747344
022121074
036359362
064070293
056826148
027153281
038729637
057792151
088735606
036306173
097826452
005921025
091381749
030636626
078429774
015986426
089585456
010129056
029183359
047094857
030752192
070970831
084372988
017095303
044921523
049834360
094724419
015832483
036271553
058592066
049826399
030535249
033229492
038702113
094605543
090055640
065855394
033335180
000364144
007107353
069641353
098190596
013028378
013539454
081343574
043974504
082042232
070929030
006619913
063741944
070540240
037372105
034712775
054913228
006983761
032150650
057263941
001708180
000499486
093535494
012816599
050325885
024070743
046046091
089027999
018676286
088618084
007399745
052011466
088982228
014507098
074169171
039689176
080051829
040224977
021032751
024026333
022267210
044478133
030646246
086009154
015018373
068018352
073238281
022447954
075002113
005388932
079711895
029226645
005888418
025763741
042043244
056214303
049834484
040605688
097758654
068510771
081740124
005158400
073038589
070722352
072181850
099724113
010411528
052233679
039949090
083960631
028776365
014732652
028438765
011938963
053258158
043457138
079957315
026496440
018421444
007475780
031885372
050649691
036702426
090290142
076413432
031262022
099020797
026247917
024384062
096779452
047275040
006124186
054454204
072829981
029362890
079152406
072554094
092290771
083902438
065019537
076251402
012678803
079752189
057206519
024617766
033010348
053180010
057091434
059506788
071601454
064567214
043908512
074767498
053785992
034198654
051180930
037564367
085735803
029945199
014464781
035031607
077220239
020588968
042002163
050050221
002468210
021154570
075120667
047275333
005057008
040140204
023526736
017735811
019892394
033249607
094869929
052902742
086429617
051961363
064925882
010547424
069044930
061350746
085314922
022830922
048065752
036495852
012911641
033801555
066441052
027376423
068833163
096177643
000481743
010835326
098744216
002949953
084506248
073864884
050225287
089563256
014005088
026268375
059815419
086413834
059517982
054685349
091832928
098463952
059163064
056758810
009011376
028207994
018109556
094326298
003555269
018691660
083338502
016466910
052493216
002295906
096359685
073842731
098473550
096841428
037194409
097217766
052307734
021700658
071082650
002533021
063780266
037604091
081317748
023595686
024017925
093352082
030797387
015850854
091816034
089960451
025126016
000827410
070684798
095751925
047670060
074240067
014443585
031008563
043223329
019453153
033304469
039583015
093295884
031778019
088940795
083006646
081512138
041248529
004707304
052594788
096297902
021003922
042715231
077615650
044599608
019249509
070967733
027913347
087616715
015300119
070390151
012742731
016127530
041074949
061011008
063797590
067831368
075454594
047322505
063571049
047424099
080626975
003154064
093236336
064921346
044611212
076242982
046433484
038376093
033466638
051544625
034673996
054470560
094259856
064805998
051586521
013509365
088290083
079499868
001126080
003590203
002406371
066385164
019717733
095997672
027396172
036031675
063829040
055367118
083354181
027400090
002791218
016497508
083070506
048543906
081418854
080198070
024786888
027852339
018574164
058253526
079396964
053248160
012724086
026173172
070570510
064310607
092198890
058860594
096326828
093324970
062450797
098733199
012226486
034684882
047247224
092139011
023232909
063592616
047506129
006587090
090992706
002813699
023084598
026579565
051357605
057019805
006777635
076144493
084872144
025351799
086914371
016785460
031116311
052154810
042958632
001686822
016465417
035157522
060547416
065308597
080998845
075514565
016558149
045741683
062715799
063805373
037880694
085948708
027397989
037903176
045052151
070907048
040716875
068136749
050002965
044590833
077672906
056780600
020735326
062545050
034648752
060166050
031846862
065765063
012320860
027321847
019968237
081302629
014995721
033032005
046611227
048510918
008546570
063169376
094252602
071262369
079491101
084649648
009727430
006889090
022552824
054779581
030312490
063269700
075432682
080315455
007860533
053105589
037096056
081112211
068166991
024261160
041278261
000013854
042542575
006115473
027335701
062510813
087418103
094847774
048059170
034029330
043358693
056605741
049715058
090127647
080384462
029206159
074777295
042628244
088611601
097330120
097407825
018924092
060599820
072840508
099239547
020976705
078462449
088851955
054605268
046629440
013113115
095883530
046643294
008172043
054515355
026495347
023199208
041933458
073859474
071258378
075962788
017218167
080380471
078194198
059862166
060764934
007400357
034639461
055909530
048528311
031969581
053317356
067452403
045085753
078674216
019208302
018578810
057136665
008060258
073184079
003766105
073689725
021583961
002925752
034378120
076099316
