031546508
051141284
056512067
052687424
017244171
008654528
036306134
093417033
016028741
052969867
095838846
088692074
099126114
049524177
012794231
090415768
011714984
094045677
084765830
027965481
088430770
052606718
091353908
010260010
040693844
075600543
077221019
095753101
000892311
040069544
010304649
084955171
043727180
066816716
090158947
060971351
075471245
026465081
054388385
044016338
079434948
002743583
032708412
031077414
052267761
045502643
021493182
016499097
092064672
058775365
044464578
033011795
011382083
088334838
043271805
004592279
063935381
073009176
000345380
017344045
065595072
063166382
002299216
061838605
029983098
044974516
022809956
057970695
071439597
077198341
001987034
003390898
079941925
034695446
034468312
084726038
032714442
008477847
053741487
077295466
067253212
098206065
010307261
031151647
039057255
006095418
088260278
055508988
031620947
041122010
072853033
097216019
004288392
027668602
011570976
034271491
025159470
034380933
092242186
096599067
